2.8552219857249304 9.372527991992001 9.857629406240907 9.337693601535568 1
5.861196808895132 4.069441632373472 6.195323352949326 6.328338252225006 -1
4.492215224032252 5.076143675052391 7.419226895683762 7.8628611429417 1
5.86643144126719 5.393649617563073 4.994178377048902 1.14142019646148 -1
9.591093336907214 0.9363972530497144 0.10686486814955765 4.916882453235118 -1
1.0727498672262503 6.3900401429730636 3.5494483148497604 9.848471920162098 1
2.9634724766728704 3.656922796544455 1.6973446029542127 6.76429905222843 -1
8.787791898367571 3.6773019279859165 5.141299774016809 6.2948595712784625 -1
6.068328174889346 8.402524743203903 7.669518858900995 5.151300099520184 -1
8.74774249880843 1.4953306495328567 1.9877929396903915 5.750489473089111 -1
4.152297587236694 5.392068304890939 6.564582712905549 6.435286250854162 -1
1.1589975600638258 5.673274891586165 9.491038782679144 3.1298580420512137 -1
0.09066837304459563 5.679691903996902 5.001642168076318 8.255284895008211 1
3.468974281061975 0.3182975198345461 2.3564262765939183 2.8093505284414966 -1
8.668932631468024 8.02500702568269 7.157053496433613 7.561445331986639 1
8.264314175751498 9.02555480111221 9.600419812042453 6.67191574629784 -1
5.324577275587902 8.890766668734 1.8743533234188847 5.0989237043434255 -1
6.394533325301523 6.410192696998015 6.460754909553518 2.9585927265798984 -1
0.46239620287824357 1.0041532787874852 4.409714757657373 1.9677089005231008 -1
9.310318587534589 8.143310596862923 4.886624771953026 8.732193745459773 1
0.2772959804068664 5.907857006955332 8.781986747994878 9.969662234097383 1
2.770688184830987 0.41847833482556607 9.429494438655825 5.790146136328499 -1
4.592256585401095 2.749575592231137 5.795656382706053 7.787489679352455 1
1.038170673127391 1.952805062298052 7.36681361684543 7.964605641749952 1
0.08545070896798901 3.153246503040404 2.1154965709225406 8.330420688763327 1
5.370000178660856 8.97762543936284 8.162142524735716 7.9664365022553785 1
6.801787629002737 4.664247172967882 0.8469047887379166 5.2803781317401555 -1
0.37205413440107415 2.3314761114469293 5.904177973474111 7.665265362482753 1
6.2474167627478 2.6751817962575464 6.719250319962944 1.2656637350999544 -1
9.447950016577915 5.081691734911095 1.331100947466144 5.3090259756680505 -1
4.7297915763533185 3.7719273867446312 5.6930682726667055 4.131486159513216 -1
9.230085505839066 8.802291566413858 9.498014453031804 4.276128384273966 -1
1.5129640045027515 5.745113985271232 6.219169529652441 4.266993927783657 -1
7.134890151302588 8.810086016615635 5.611026836900447 6.349905066098658 -1
9.951817594591887 7.762130473735747 0.4227678306533733 2.6200417594674983 -1
4.463848748995634 4.398707601927766 0.04746946877385305 3.4428105835102607 -1
1.7009519803664985 9.087838242889253 8.048647512536702 3.0711486829624035 -1
2.675283344462688 3.1161518660050245 3.060752146784348 4.761997640216228 -1
0.2260364865175224 7.352979619983918 8.664183525144779 8.802207899013698 1
6.429192560266762 9.549427077883806 4.79052473835475 5.966888063312867 -1
0.7028593910289038 5.849786169493961 2.2156884969818003 8.369818942142752 1
2.7133679160957302 6.46943625109688 7.7709576599473955 4.744077694056957 -1
1.6315134172017842 0.35149672639589014 2.426900422547199 9.88272565588525 1
4.379362726877697 7.098269338960521 8.54894825360133 2.5871143577418474 -1
3.5658102264315614 5.9391580048364805 3.8710513675630054 3.0277573894552248 -1
7.2480528366459716 3.816815323748224 1.7956435987530173 3.49085489027789 -1
6.653984963075905 6.817751821485478 9.198709033544967 2.0805957102100656 -1
1.1311428452568006 2.6364526953153087 6.646006198874188 2.389376173137352 -1
2.583822711701056 2.664882133444152 9.018515823705878 9.101896865030705 1
0.361310978701872 2.385929976036416 2.815926832114016 5.789134725444399 -1
5.259064911569827 5.670026357859525 3.4277162182270846 4.273671968554845 -1
8.859631509831333 5.6484522033536155 5.975820223337055 8.488732927596295 1
8.920278736129138 5.302845289780279 8.794023181499407 5.616918957298536 -1
9.564555106407683 4.310702693634381 3.988893894259685 8.035553771293028 1
0.2557008716222442 9.126320230344563 7.995806320202989 7.273569797279695 1
6.582613155463103 1.3701914012533645 1.981169270432912 4.304678158759402 -1
5.201370259528502 1.3548805671381792 1.9285811949131693 9.40375369067711 1
1.5591934482926417 8.057266555068768 4.447714153085855 1.0876235166841686 -1
7.446090632973602 7.322812721505823 0.8931042951595569 9.172573027390374 1
0.1861843566764554 3.1019189172259996 7.436074112102171 8.774273878001488 1
7.147834559523936 0.044761192484434886 9.79447851821974 2.0741340040423273 -1
0.18343036822114134 5.418880168009062 9.404695441822817 3.3203246420464527 -1
2.914009662084549 4.459666978654159 7.237251888455527 1.5724610963384578 -1
0.0550518977900305 4.1200796397451604 1.7811113109606014 2.1643263444134266 -1
2.103432876983702 8.13035309220126 9.710619577877493 7.150464643573934 1
4.193901237120125 6.993056889260738 2.7238469915120342 5.285391053697053 -1
0.06381845159598387 9.733695331204451 8.129213424318714 2.0438771419201727 -1
0.23330311631162726 7.015132643341287 8.550445950388758 0.25962779841987693 -1
6.734167901411818 8.917524977865636 2.9290642295939784 3.1134999156358125 -1
5.6547445979231465 0.6820167570698699 7.1380510501707395 8.519979252525768 1
1.2384419401224345 4.625882335479482 0.48412562294704475 8.429303515226145 1
5.478597110667448 9.949953495469792 4.5541951634114035 2.9092239392827746 -1
0.1499999823188114 8.002147257428316 1.1110674415917865 3.258793789810622 -1
8.673992015360746 9.144651268553801 1.178074630057695 4.159669056669413 -1
0.16429409666244288 3.4171630842357095 7.1470701331454825 6.458947304601059 -1
6.4678260993754355 8.84329605455687 5.069719634750095 9.296416339167935 1
0.24189991121517984 0.6980206270503375 7.331192573221051 1.8225289835079428 -1
9.371291108732095 2.1456031831932973 2.5544698052902994 1.0266239600921045 -1
3.49639218174039 2.1404613634745417 5.475834836317475 2.4549731205927037 -1
0.8031165220411662 1.7702819139101034 1.674215568304468 0.8461689104169745 -1
7.025431093142316 0.37870126807151294 4.432295817038195 4.201024084734297 -1
5.2202876687303945 2.4832814613457312 3.4665632226923018 1.3121404498222844 -1
1.5599921917334436 8.145161098204529 3.85620498918931 5.242148512070336 -1
3.317416283740365 0.9782660405870047 4.455774189697641 0.5276886549225301 -1
4.123189980153429 2.946493579720518 9.028842243537282 2.2922317031234973 -1
3.543323580091915 2.2819032503819416 5.981527901465839 9.062534081922129 1
8.296725304484703 4.298560874469967 1.2275315025416889 2.416658439098943 -1
0.7571632146905671 8.799262479466494 3.334726767530637 3.02148856109325 -1
2.297959418256299 0.5255694768928088 2.655063064525107 9.988868439930851 1
1.9173880612363137 5.288748216847817 0.31327266465854375 9.413958560133667 1
3.0009305052277346 9.54666959526492 1.2703013630103965 3.3829725320996493 -1
2.1252794830371116 6.933931112012734 3.2842870209375565 4.8316958017572 -1
1.8036156035967643 0.5667280142179698 6.949523518564283 5.1739992730130915 -1
9.661446535977898 6.439565142681706 7.996310197853088 5.513076752847059 -1
1.280309078015761 0.9550408857569004 7.158642036452808 9.601769972391665 1
5.7083510006846785 9.90404989084393 2.970263787874715 4.720749705519424 -1
7.271193630917274 9.246546145687342 6.935612593959737 1.3401715272672576 -1
6.131550650412266 7.4257813114188655 7.379146880291105 9.728403522420361 1
9.237367378700206 3.8842656189396427 6.103430444261985 1.8144707199950105 -1
7.987927647493621 8.372736729942138 7.341849828933133 4.459527672151844 -1
3.48426690187436 4.900540220411196 2.7986967385072914 7.015728501902458 1
7.157990647720489 3.4472976201732997 6.465389169256801 7.823761617310726 1
1.989071165026851 3.8662510289587306 2.3043465868805626 2.559682419720213 -1
5.971219535871236 4.3673305819813 0.8094201440622528 3.3992345888421505 -1
3.23486499608015 5.758479609637628 3.1153911125595704 2.947246752633841 -1
1.2718773011480944 0.36872851146103613 9.247301095298269 1.2050509892081362 -1
6.796531100815681 7.858248586931683 4.235658341951249 3.0186363014015525 -1
9.842908359378239 1.5637377419527398 3.785521875590734 6.223909258063437 -1
8.491609604570044 3.773000626875156 3.4870744919027175 2.3494027613053636 -1
6.504159843653135 3.280557587938132 8.974534267430549 7.242848453916495 1
9.99740045170057 5.8010318394184655 3.864543641527897 9.750138900885034 1
5.164459056596046 6.186434319379737 2.759456207251547 1.7912046434529372 -1
4.836319780491008 1.8351489830422174 8.005061442467271 4.061177977839429 -1
7.682243154731717 5.525872335089365 5.843687221918885 8.440560789672753 1
1.6215787830083905 7.203327383346539 4.562329895324129 2.436527541233163 -1
5.531244864341471 8.218681082038728 0.6726757083788382 1.5756084742744714 -1
4.837355021442283 3.372762940615346 8.258719618488284 1.9451369203706381 -1
4.5515926771761865 4.710093175247812 6.980720817531454 0.4583942341491898 -1
2.820155292129783 8.610923378546717 0.14204947820612102 3.7357100523765463 -1
5.984283219365544 2.122615518890175 4.11260539367281 3.4315237488036496 -1
3.8900076699398003 1.6186261764761656 9.459476925972933 1.4657898167437255 -1
4.202446121232505 8.389738122515435 7.455778939230781 7.354842057013685 1
9.25837443527287 2.546976129423122 6.571684042996439 5.971183821107288 -1
0.6622292384776451 1.4283102672898995 4.974048448108508 5.582802675775285 -1
4.068559011174806 1.281594119762114 6.704586640854336 2.159176456295876 -1
3.6068777430710863 2.7921533196228254 3.8712803871970403 8.129774145795539 1
2.6476125083569544 0.043964525940223265 7.343184480439535 8.010518805264013 1
2.9971451266225113 8.307859961545088 6.7033596866499865 1.5174624097698386 -1
3.24156008358486 4.0517830026029635 5.071301615398548 6.349765862884186 -1
8.706002350806349 8.580944073471318 9.244480196694175 2.8593802098701557 -1
6.443863483985709 4.46058549465076 3.6595725243226007 2.7868141056074425 -1
6.719509701279671 0.5581827112710214 4.7228511406104765 6.659878274526646 -1
3.5362805895988703 3.7882040697023744 4.008896801316718 9.491189659712715 1
4.43738953970695 2.1675967263744833 7.840685251932423 5.803103904696606 -1
5.536159575407101 5.543009632043826 4.948572792962734 8.334052364008029 1
9.109293407174498 4.325918880390565 5.73528812017769 2.925281070990379 -1
5.833071977142339 1.1483983317684898 7.1267867416446276 5.666662815284398 -1
8.459974934106702 0.4536866895257996 5.306758020318324 1.9688240926075395 -1
3.045335821683497 0.9738396219104872 1.3887367427526354 9.061587762901853 1
0.5797484780440243 1.4463231553410982 2.278324973336753 5.056801437950508 -1
4.361935843403706 6.805247891990295 5.4528838007352025 2.625407500026804 -1
1.8219649569482799 8.66837785847719 1.4583815393810318 6.917772491658339 -1
3.968173702126536 4.472100892225903 7.154205264443236 9.000258320342189 1
3.902354010676601 3.534020807319862 9.736861153585952 9.274278442920945 1
7.262410557174524 3.0531442892324625 9.321069694890088 7.114018966548295 1
2.0943289163176635 7.738545658846901 9.921910815939691 3.757074456946347 -1
0.5671324890561746 1.277088525047445 5.962538137792171 6.662646425824185 -1
0.8368222977727491 1.6548942535782163 5.6000978779899295 7.386020713104122 1
6.855840416521202 6.957364211049594 0.41462793199175674 0.1375626302008104 -1
4.4309277742466415 6.382614118449745 4.513562800444425 0.0475480244691695 -1
1.3672177026807053 3.4130992963797 4.291525382038505 0.604501129230266 -1
6.607539656934031 5.743151173343533 6.291078137365061 6.13049093052115 -1
6.095184290124523 5.831781204997146 3.9503064368676997 5.690317948374152 -1
2.0326193199266362 6.810761870891068 3.429810764396848 6.221179994642814 -1
4.677054840304735 2.511095384690342 1.903402184041737 2.8266108844044546 -1
6.663261033002561 0.5602135737652048 3.596825579287617 3.1051076407345257 -1
4.349602750130196 6.583094497377173 4.99573511532242 1.9400505706212445 -1
4.909398315741594 8.485123643180184 3.1082405617863698 1.8964728192214153 -1
3.9139783578221876 4.713069504588468 9.170391497274046 7.7348962158469545 1
3.683156938501626 7.528423007442751 6.456186720258308 5.219726457056611 -1
7.301738834898771 1.4735894611388756 4.968222696078561 8.343503410194856 1
9.205697047482182 3.920243559491279 4.254592367585649 9.872518059551897 1
5.088094395517404 7.001677837021527 4.884227683115448 9.927872282373576 1
1.24101571345542 0.4612756479602864 7.013311924226904 3.13599494897003 -1
2.7905468633253827 9.173853219876356 5.7244716706050225 3.7111538019788237 -1
1.4126248257440266 3.3212567641718884 4.685254150142787 7.975260448432224 1
4.278099999587291 0.02614263387258231 2.439195095238457 8.648697283348803 1
6.643742319183779 3.5557015428161987 9.965617239226326 5.983019913680568 -1
0.6707463601801023 4.696944170325583 3.3954112967329255 8.72126025470928 1
7.899760907036284 4.468287439478614 4.671822987747473 0.5207242689389735 -1
0.8651059678270512 6.963872349462368 5.565869031141997 1.3651230025714944 -1
9.648790848861816 8.653655992243996 4.3801137691601255 0.28010511531432525 -1
0.6928919274156031 6.403461960686371 9.217274940017905 1.044978923417923 -1
1.6886616008894406 2.792506265714562 9.421320539379307 8.916813865878257 1
6.29948718036431 0.07562519779084509 0.7556233550505631 7.969818730087246 1
6.382234579052353 6.5085452298641595 9.996472338363594 1.7458605654366965 -1
2.8436888689352813 4.223203624864284 7.951915730064984 4.637896417160729 -1
8.740444083585214 4.899451149689741 8.63115000781322 4.751133362653423 -1
0.24066028805707518 6.5109514264314425 7.252113900478568 0.46569049123219686 -1
0.9091112603083273 3.9597710763584892 6.3593193162442425 4.234843046097505 -1
2.286614654782598 4.157207025472578 0.43111208848955807 5.2234513070633 -1
2.792345052433487 0.7612998169527063 2.0866847305098304 5.677900937297775 -1
8.53850915747244 3.8513201928443186 4.24071544051875 8.957041780080994 1
3.7177367103448167 1.3155484623478353 9.978864191873152 6.8047672570125695 -1
8.947600020064979 4.970896137460727 7.745912278216421 0.9049124741721626 -1
5.638920140857444 2.3375107129221684 1.0531050205522785 6.60330728945201 -1
7.774872734895617 7.364800744027122 6.981166863438143 6.305127415556417 -1
7.210605334785311 4.09489356382433 6.874709097098211 4.435780771980791 -1
2.3790813869636054 4.9858600128299795 8.777601882794455 9.450148741737115 1
2.3084459353480566 1.1799522093835202 2.4734697278191877 1.21066788558146 -1
7.533358893806273 3.5497951282094506 6.781659592144277 3.717561590187101 -1
5.4618276064937765 4.563133619101282 7.049552981436143 2.6305517625979746 -1
4.063431109515983 9.389019043270268 8.259297197047639 3.856550108031025 -1
8.517198769796357 6.414065012083939 0.8848388672846663 5.649802973768136 -1
3.5173604137624226 6.676855339549313 8.546688300535491 7.989006738994252 1
3.9476700890193817 7.1460523823306685 7.503452874326292 6.8163087214961795 -1
3.794412485219092 4.66081563361259 6.207825833844477 8.46399102318063 1
5.515038952461115 5.708652001917372 6.028117766729913 3.2720457126423073 -1
9.273245804962997 3.2185144240811225 2.5072434258899357 5.22023917980958 -1
4.822090222200281 4.890517059844499 3.341908074586617 9.124670851054935 1
9.5323720497132 3.1267978033372867 5.736407160911901 7.3328450036869395 1
0.7242453819564454 1.0411510581439354 4.094197440503981 5.747480421426971 -1
4.832277737717271 3.744422649417285 5.563914424298005 5.691597285365989 -1
6.911847556995749 1.2660497468606546 5.81499018581373 7.3566171637658755 1
2.239340605413449 5.544384989297103 5.691110727687578 5.546968417041089 -1
0.8413249882861695 9.374797753402637 4.770421110690145 7.283021582856443 1
7.454152339517881 3.694490663496736 4.32090497957836 3.698334044761622 -1
8.32253142567707 0.9456576593763422 0.8839591200197061 3.73527122041493 -1
8.441191646507871 0.18851363433435853 5.026289702583629 5.975565744398319 -1
2.7420331341881763 1.001784705220533 4.172442366720129 7.6674171484786395 1
5.915835471902353 5.854705295849892 3.1097042782369644 3.8867937737489324 -1
3.3238298688285117 7.982960818871443 6.8377693062534695 7.524595660127005 1
8.968250046609331 9.995311823320863 5.37204839901546 4.555060599299133 -1
1.8872953369127832 4.513205487532624 6.2432633131641015 0.10793100914173182 -1
0.5819086709515064 7.134630142335149 1.1777114574177627 0.5672269567928578 -1
3.3328476425091393 5.7087507399214505 5.071518254003326 9.167865037774106 1
7.990236739804982 5.027900204275623 4.334681398211748 4.074375234078881 -1
7.767508718213882 1.372618958863976 3.066645263576495 9.422103551482682 1
1.4950714035461754 6.625219879083986 8.488557605779684 2.7789811908807116 -1
6.8261716598948405 8.010677485528978 5.384954658028168 5.419301515716363 -1
5.343877870256773 0.6283389949150264 4.51531146934827 6.722337101261282 -1
0.9369041634665964 9.069860083583311 2.2331963535257584 3.2102212420328877 -1
4.097109902097103 4.714199422781826 5.254025663050755 0.43671637166343924 -1
0.6963742065105571 1.4310107058940769 3.7362977273922904 4.142420205625275 -1
3.1238257583265727 3.1239514049941053 2.0443811775767373 0.7532801868888905 -1
9.721104077220685 6.312202691721019 9.919293958585213 7.072122699188139 1
6.981616782674948 2.797346195600782 3.1194734046592156 4.1938681893824565 -1
7.422023945122632 5.488382327787721 7.491680162149228 3.7763479150014847 -1
2.5289569878416787 3.1049917281752193 5.6995318359471785 6.729840510389219 -1
1.3019188540527105 4.172906894524972 2.323795099993066 9.585461665142876 1
4.558681532004275 0.23864553376014785 6.532473136192992 1.154137420186423 -1
5.790894990124489 4.942053929622189 8.04095335266778 3.1854914995858428 -1
9.064874395309277 7.639048511768182 0.43623500447695474 1.19584211414541 -1
4.098923597357912 1.6199466337668678 5.052844255574075 3.8031827975462438 -1
8.794075979016093 1.8866955114864992 4.30930080296907 6.020106097242297 -1
9.002239771923332 4.900445562014998 2.1819279799384264 0.533071343248599 -1
5.4110732646537585 6.87059570852841 6.6060995275568155 7.692888968949424 1
3.479530821086608 3.2160723436783822 6.180249144942672 5.724789345866643 -1
7.290947776765567 5.35174483077567 8.88948181649469 1.687240700420295 -1
6.207563540607795 5.734560917109385 9.551906043717288 6.789972058952534 -1
8.11332417420536 6.370579892932932 6.8798706261182225 1.9099756559856684 -1
8.58357392062723 7.588597648893096 3.891587016676712 9.63747226116493 1
3.482033357392762 2.6042606872565335 4.8531614514338575 2.00321809550935 -1
8.126577884993548 0.3674228434251581 5.462665948763438 8.285989026952002 1
9.955816083154106 2.473629451628123 3.6720845566032545 0.3163506446200093 -1
8.531514257338292 1.4890769061678166 3.1073823547299426 5.609423997774482 -1
7.242702973936064 7.616275100871719 4.304216523670952 1.7371676659182522 -1
1.2596485868537677 1.6970580105713395 1.1907181870944528 3.0529491730593215 -1
6.530953098318431 2.1918653200225457 5.2421452898271115 8.55261536762004 1
7.031994791190268 4.623791372236772 2.1656599507351215 1.2293300126447926 -1
0.4611865452915076 0.03330282041537069 5.769937974856313 0.5569199761752841 -1
0.6603631094208895 7.950842664306484 4.969523439023953 4.567897691289861 -1
1.940488633574482 2.136009855128357 8.944647393870298 8.054742088666671 1
7.076733895536556 6.746860335731907 8.140564122014364 2.269427882570038 -1
6.187800275988156 4.945550574274819 6.4970054817813425 4.055929010257001 -1
3.341858345222175 3.014955858697941 2.370154346432982 4.624260973386567 -1
6.550604308197886 3.975361867247188 0.6341710323979532 4.4179177198888215 -1
3.0069843951400377 1.2352488961438568 2.1536647142271157 9.016518636957729 1
5.506417840305119 2.6908649480974054 3.234647614819947 5.452958455351923 -1
6.512708782341633 7.297262634468539 2.170566521843699 6.206424888680101 -1
2.1585499984811953 5.4400288956131595 5.699274122834492 1.2738617314274847 -1
9.698400106933425 8.68993148829319 0.6112135074846314 3.284149955656824 -1
0.133968600401001 2.3655754605096324 6.90672271156624 4.387816728557211 -1
3.653326950456901 2.6313441995791798 3.4587673018196963 3.041431458632168 -1
8.299924007382403 9.72539569537735 2.6414016665744224 6.379906000013208 -1
4.897990308417621 8.275171448526056 2.675538926375488 2.2731460592153407 -1
1.7636849826468592 6.783265540164235 5.834779688185435 2.4074686618176977 -1
1.0877774922553007 2.648625659207898 0.17374034817956963 6.271087010733417 -1
3.5209873973593506 4.765708033596838 3.9158664655832434 8.559999522658984 1
0.722181134868064 7.966016807684304 3.324484404401135 2.134378725415785 -1
2.5905994281142988 9.387891136907923 6.865837378655667 2.8291197441325053 -1
9.803653644640017 4.535961851452036 6.038229821643465 4.124209347169159 -1
5.439070865574446 3.3477434277332927 6.884601285388847 7.6662080503012655 1
8.852896661496318 5.470315058897222 4.238678643677964 3.4539185418527962 -1
6.456719265197025 7.881678077931438 3.8180224198002053 5.112742344577565 -1
9.992474889219986 1.504164718290415 8.656387495646259 2.452304172734742 -1
6.23708995729872 1.477471807201236 0.8983786631225144 8.957093407902649 1
7.8066552379424925 8.282952541824164 7.477488960161741 8.684275149901195 1
6.146509692803896 2.1012333076958454 6.264882794290532 6.144769289629677 -1
3.1233698836469195 6.788355825465549 6.206692131913847 4.386963147557968 -1
5.643448851799407 4.395100120989475 2.4732715509217176 9.429003635203099 1
6.42737331802816 2.5198302855810084 2.205960755567098 1.872918708742407 -1
6.061847747341287 2.9274310683577207 2.7171336252467793 2.147866809525331 -1
6.598750440060438 1.6456406603088325 5.188900601459744 0.25698166131780886 -1
4.630185812170442 3.732385621080625 8.162712080750374 9.801751410104561 1
6.8113137460342745 6.089032746855551 2.307028318972381 3.8056496833622533 -1
2.2712657330637143 6.859207578245542 7.265493648075064 7.14452353915477 1
7.3217541451381996 6.052719542271876 0.9242388067354446 8.930009605529047 1
7.439472615652888 6.253472024130618 1.5555911681035473 0.48248541052601457 -1
0.4401932616759874 6.827617925433399 0.8741500468807206 5.449849056468324 -1
6.315601061416855 7.007925685781501 3.01934908447824 4.263055457062457 -1
5.953350024088672 5.030893372260975 9.528246806473145 4.9868070395496735 -1
3.0758402347755167 6.625143654307225 2.7621531443279523 7.227901767449517 1
5.5478632398558725 9.049709098280449 5.589367795788568 9.27175851659316 1
5.838008151677006 5.513748766646652 9.337296072612052 9.627399813915048 1
7.763950096837476 1.0282771163388982 5.763241451570043 5.584368276262566 -1
2.76135830361489 5.186816664837215 5.423184918764945 6.6897856349012175 -1
0.40539597304941277 0.9097156666648509 5.009127384824463 2.392925689647163 -1
9.875448748706035 0.6899725391811162 6.525138184127869 5.864394754201622 -1
0.7489213535826511 0.63353263150702 6.812447236850414 5.98676872126601 -1
3.8908678689655787 4.672684925380163 5.3248775553345755 7.761677208455834 1
8.543869057233916 8.460601116265366 4.909540953865418 8.96812893803219 1
4.881003029879306 8.240041083115008 4.909518440026796 8.222483156659864 1
7.58975893308396 8.907019199285816 1.8175458411038836 2.4450200996230387 -1
2.261611534054755 5.118190737815114 2.340494235685423 8.2095154254908 1
0.8980283367651676 7.710443461392104 3.376333143669048 0.13611577913715367 -1
2.872729410260133 2.3075845211197876 4.1351231709816885 3.71840437381603 -1
2.5185514744607653 7.405679751529216 9.724010138951426 7.190698096273497 1
1.0996293103809829 1.1036494506897854 9.15165601915027 9.277876903476663 1
5.615263590481661 4.917355170026422 6.368499361606853 7.078766577172081 1
6.75545751085996 2.3995585171615277 4.92029742827968 1.3831276800082903 -1
7.934130527805827 8.711407302741671 5.327447486730766 8.03839897560824 1
9.822737202478972 1.7168110692056182 4.035968735461104 3.9078823821593653 -1
1.2700936885572134 0.35168323352435804 6.7657473417864535 9.223763872908718 1
9.220323002034043 2.4910533136827997 3.1011279638202947 7.735511363319642 1
2.4546433638377154 3.9537168284479227 1.087345964060773 7.269899778640154 1
5.960437103494129 0.5071210981250229 8.930108504664583 7.384364627692438 1
7.9718631052444975 9.17081953429536 2.5540996348609193 8.793787602143434 1
0.27739208757064593 9.998184580024748 3.0903648472667014 3.2298503669828973 -1
9.533757421328495 3.4313616271635174 0.8831337378449622 8.261163395500567 1
2.809100398246871 9.130996659333585 7.047042764045976 7.880676864270493 1
4.915153059938227 2.6372786488211366 2.3641224380412105 6.175748628945045 -1
8.637916956181744 5.7292424460289055 8.166005447925915 5.78710151979338 -1
1.9815628632195348 9.590101738824687 9.724000223649217 7.854924419674835 1
8.885059337188983 7.7613775881117055 7.575303625619492 4.5348506703641505 -1
3.4757656051112917 8.017495240649547 7.988877244267076 5.504485325149769 -1
2.8560176408821225 4.218764057613129 6.748413433391075 8.145781068165611 1
9.199875721328983 6.742974983532316 3.550809287595047 9.769715792233661 1
6.506026630686161 3.6140605908898693 2.753976353880858 0.05308515639919853 -1
7.592446081236446 0.4489744892296821 3.1730122339265443 6.211789728425989 -1
3.589723906887692 0.50389627043537 8.299022714584655 1.941042369835544 -1
8.620610036068605 8.0418785835743 5.939330108407901 5.597555273502666 -1
1.5648564986461844 5.477471545849191 4.448564913771146 7.050202156538136 1
5.869476358029823 3.6005462494097698 3.7029691188641745 1.7535829555215765 -1
0.7503965010107738 9.823023848738968 6.820635616748961 9.809483730781448 1
3.3735724914407603 5.385866560722619 8.886796410642111 9.836206777306847 1
7.641719447810759 8.058238101240097 7.583214308693323 6.215904407300764 -1
5.279587043949667 4.151926123809116 5.0056634762227254 5.34169608500473 -1
8.24963356236228 4.4520575212431 6.060229662005133 6.851969069927693 -1
1.5510989132798314 5.562547650489915 5.308734532021147 5.8715260311962805 -1
8.877629625876573 6.802762124061809 4.361686464720514 5.0930865448478535 -1
1.1076438061393168 1.2741009714945284 7.465103094782444 6.239734767349159 -1
4.158598346641742 3.602360806876451 2.557447701772354 7.406926402566406 1
5.033498621246249 3.2651528639566427 2.088201490717677 7.159793808553684 1
3.8564501341143 9.647421599331928 7.013052052242452 8.023897581228242 1
0.25323641408153463 2.36700113692328 5.394156126444375 9.703643909222388 1
2.194741787701532 4.11797001310041 4.442216934762269 5.161608978101603 -1
8.20775259283107 8.676348735610993 2.8565031475782865 9.039689391095697 1
5.14005328425606 6.835182763459602 4.076425744799499 1.66448564425841 -1
7.739037337470817 7.049103897549987 3.4720371486229338 3.2753436195618333 -1
3.5947131092615523 7.489095953217378 0.2119381745919413 7.8252349000286205 1
8.848415435530118 4.9269345992770255 3.0494366049900936 9.849255763531922 1
1.4095683501456713 7.963536334776544 0.649639604850305 2.1620186447303427 -1
1.4663304135744115 6.840033128572596 3.845359562945121 1.2053691953215073 -1
1.3625461965297603 0.7897519106145112 6.503512246386741 1.984348194670399 -1
4.899723803852295 0.4782715924932224 1.6818776170697358 0.02756714570210206 -1
4.4033221723575275 9.008334312323555 1.3876590850808435 9.956940972647498 1
6.9127328737293015 8.052201251205293 3.8012975347846334 3.4428448493301387 -1
3.7605343316470377 9.451049223666947 8.196417772109964 6.622020477262192 -1
8.61147997694417 1.2734657124787019 1.2232446758581028 6.631359310835667 -1
7.484536158884133 0.7314237677680213 0.09998405602631544 2.6119314335531216 -1
3.64476565223577 2.6431580714293545 8.392364191204683 3.1611105345830293 -1
9.315794875180053 6.02196396557638 5.637277320078691 1.6799557111365115 -1
2.4345749023465757 5.589995802073529 8.267873414910596 5.8621145777435775 -1
1.3285673945066978 2.300054111684675 1.1565889768367799 9.225080671773352 1
7.185875200956659 6.422869961703497 0.45449629330119756 4.331867928922746 -1
5.323727995152826 5.468237755311546 4.474029970962489 3.7203901968194772 -1
6.982396211948128 8.958059766172944 7.951902040589406 8.496820589802459 1
5.71923045852394 1.095317591765177 4.3587525822306645 9.624004778758179 1
7.572034332052762 5.596099748901871 3.13494386890527 8.799431700665023 1
4.4631830886637855 4.349958969459218 3.2984373747582962 4.003355137753578 -1
5.120513682172199 2.7387073112181906 1.5506355660361437 4.329144144631324 -1
7.040377847853362 3.725645026192941 6.729538552245039 9.945229084260156 1
6.399288479585864 1.3751666496970372 9.773372248520642 7.867848482668485 1
2.0180556269050296 1.6725388799831953 5.023102532973338 9.547681745962405 1
7.20691324778514 9.40504050564879 4.435697406415075 7.966119234286629 1
3.8557422500115 8.868200591647014 9.827560706715335 6.303904372625642 -1
0.4179099708267131 4.713251833447316 8.620752716521041 9.681531311817436 1
3.4635678112108526 0.04252813630731822 7.104525209216627 9.094010332595575 1
9.047303018603042 0.20512175773910846 5.804731202357277 0.03400003178666622 -1
1.771212713556386 3.1463680165675587 2.793322834717457 6.359108472390128 -1
2.6720743618977103 1.9524969610380571 6.616179004945741 9.417233297294871 1
1.393836183446322 3.1294583867285395 8.141099487753356 4.504782228833708 -1
3.8812155748267294 2.5119580034258195 1.975656062985951 8.774014949070514 1
4.984407597773721 9.92857494082474 4.399351012851089 9.407307773011473 1
6.224727447615139 6.0501239993705935 1.4623127279444526 0.9249186861444247 -1
1.9992447015898207 3.0155426328929966 0.9917628803444856 4.402471996295114 -1
2.8640372169496855 3.6383601086294384 5.4953593178394735 1.8620420928750725 -1
0.752639481736983 4.432287242694213 6.3667949137570945 6.638859028739965 -1
0.13118845540195045 9.867050691882556 8.296702802946141 5.686305162251049 -1
9.324493557646317 3.4547886775649204 7.7036616825258095 4.877474905613603 -1
6.297391925039299 2.227029743769097 1.1516084343203115 1.9954041777959208 -1
7.04796792661187 7.228835804400051 7.3440662823767555 5.335785024691479 -1
6.767740439661797 9.931244798298227 7.514326527511079 5.523943964927374 -1
9.438048060847446 6.245584839634514 8.663846308469358 4.535491615598202 -1
7.9934672454088425 1.6107085186019898 7.1631901062934356 1.7052615051116027 -1
0.11258849663298043 5.184765791022099 5.8767204623571425 4.774335510057863 -1
8.100611636353705 4.970174927286274 8.910608553939449 4.261272594157561 -1
4.111664823319266 8.919713140816597 3.376593634758629 3.1610588555283847 -1
4.096462615903102 9.912540198692989 4.621537566200167 3.6999497781192883 -1
3.030930070691128 2.2384231460898505 4.089700986291472 8.032620767416539 1
9.164763481243845 0.2993733114685093 0.3320985257411113 3.7959275920913758 -1
6.939926302661333 4.801904173521457 9.769085639081297 4.314716436362715 -1
2.2641740899478657 4.747140904192051 9.07118193914717 9.580436302569122 1
2.461867027984599 2.606702611644126 1.295310085967425 1.619347021455464 -1
4.136274592789658 6.168383579809166 9.629635836389593 2.634450813840213 -1
2.75706074852194 6.892146105232026 5.98386179614136 3.943892461459051 -1
4.94961813101697 0.9113600170345337 3.0098420370363446 0.246973383662622 -1
0.7346449166097246 2.8427824428569517 6.638173591223461 8.011481262284093 1
6.628359981449847 6.997647849434906 2.6515561758231856 5.777787523248707 -1
9.403381750405384 2.8358469767420633 1.6225679731455245 4.575402741602983 -1
9.538717584568682 9.916900308156853 1.109961901443175 0.03090757673188116 -1
0.8880678214699145 9.288013833405838 1.1072097255868774 5.4075367430394135 -1
3.3619679057833562 7.044302892333243 5.461766277200643 5.751101486762893 -1
8.904132451490566 0.7023730734692424 1.6514437884300237 9.632388155607165 1
4.965606089595845 2.013613932205127 2.4475315510119833 5.26178543818474 -1
5.628896647633573 6.396865742319186 7.739389898053543 7.802600887102534 1
5.8525088597770205 6.496056644364323 2.9561798780616133 0.5101229363327742 -1
2.6161807108862742 7.923945270963992 8.692357726366742 2.439057976863647 -1
9.108806224777405 0.014166976886397231 7.369366527604412 1.600981190435049 -1
6.816989856563067 1.319275088257914 7.347752355216532 5.21810008468095 -1
3.5159591273606647 6.559940024035287 7.003505549615843 1.9979718028415416 -1
9.214187634727427 9.860773249080571 5.786947280650989 1.9070888116379914 -1
5.61845928843532 1.2188248421606185 7.797519842803116 6.31204584391487 -1
5.876265045220494 3.836430209495524 9.617068074104525 2.874503708850644 -1
0.07718914680174271 4.043517269871526 6.572044889473387 0.6720362851985817 -1
6.303979805656143 2.9989697902292245 7.450579421276426 3.173668834762066 -1
8.522946812875157 1.2413260684238803 6.2657707272516205 4.731550565093606 -1
5.61549619237789 2.3815215198578397 8.321284005072119 8.418329606069637 1
6.8512832860103865 8.074544714392488 0.9042135463528322 8.37442352644354 1
4.393938813997095 4.224102913341273 2.118981790089687 2.0896722591647188 -1
2.3945004263663607 6.320992766618634 3.8700936785889617 0.2163039968710756 -1
8.623647702294912 2.0179206325677015 1.4273731509142407 8.716237603201854 1
0.2691682786338834 4.230164942382004 2.638735367054099 4.755688264290101 -1
7.5365460966822955 8.643344494722685 7.166745426622176 1.1252677345589623 -1
8.434982812560849 7.39200133645919 6.882182311247108 6.3812737258055385 -1
7.6495005670439475 7.86042861404903 5.695496348836967 7.048934731332208 1
5.945017269993738 8.220453876645367 5.798546337380861 0.9040174930358091 -1
6.808626057185697 3.533744354865572 4.120786717355153 6.2317523984168 -1
5.442347035659687 5.085332387839782 0.07286346564034485 3.5345306009019852 -1
5.8754816860924475 5.256970606636376 1.0871848050393296 0.5233719531370129 -1
1.932457268736475 3.6506680960436055 3.903805697124204 6.937401095371271 -1
1.3984368963492944 5.499651162904709 3.120325799599798 5.150392258465147 -1
2.6147006049469868 9.791482806182382 7.560359053981381 0.353901905030235 -1
9.497120055806525 6.407515326581258 9.514942656076355 9.763328994623663 1
8.907177705382614 0.2913150643821538 6.515915937262072 5.6707916794668956 -1
1.6477346392466918 5.059151489893251 1.446947181834568 9.50869454954425 1
6.481665097695818 2.2008951565074995 6.488506881040817 5.45459424702332 -1
3.98609145917324 1.4231361234537043 0.04884840695219772 0.32176910203367326 -1
6.747968198885776 5.558719196297388 7.890711090594627 1.1487224937060736 -1
7.17484578896562 3.4601048530531275 0.5711553287656079 8.600923161814544 1
5.9621411589837106 3.4584760062374764 7.944609016894119 5.105990119625083 -1
2.3238744457181904 4.758797153359014 8.465002713524514 8.005640934227173 1
9.850940364479735 8.11737565703343 9.040940319462042 4.15980740173485 -1
4.851945002678347 7.52029521697761 7.259584810392928 1.5471861394685027 -1
6.346745961207436 4.536758781688901 1.0191646105342422 0.0487265331696185 -1
5.005682387285161 4.798832853333047 0.5467263134294686 6.539100279125689 -1
9.491431518972284 3.9693224087945578 3.739373936724407 8.96349907389913 1
7.633196696515364 5.946252793600642 3.5819724216298408 0.3407183333498276 -1
3.5231052056028056 8.769406406211536 5.662105715342086 1.567956171950412 -1
3.1171328313672797 6.41926980774555 4.616587128141313 6.040634299841857 -1
9.26317704808701 0.5797789880329962 4.159449151121223 7.7238375595500255 1
4.682930115255507 1.7881843628428518 3.3197096070415566 5.318298225845309 -1
6.078603875689606 2.794913270990884 9.964288954286369 2.5654211739608135 -1
0.4543840345275141 3.723538715935264 8.828463164363704 0.18574372662868321 -1
6.619586184950754 4.582127186497806 7.049343344066993 4.315770175324861 -1
7.487474376466762 5.9062424848084145 8.320206653751388 9.521335270684755 1
6.132652124562734 3.3088758217566006 5.758542101608786 2.0277846410269005 -1
4.151172490807195 6.840407060576451 2.089028819093224 4.892572889869281 -1
5.930787205949365 3.692608719950675 9.115703220210797 6.618655418194983 -1
4.90968725050254 7.831046691564293 7.142283506579597 6.030032161223456 -1
2.57069266533117 3.852189026159726 9.174693262243895 5.670954151893995 -1
0.02951861982607884 3.635619827189628 1.339167141849399 6.1431924466949965 -1
1.4920658831510925 4.206897576014962 5.128302336206377 0.3138406920077397 -1
0.017223922378025724 2.5518883135964177 3.8360431839117237 8.917861342948276 1
3.198673746623275 0.8980114793278138 9.619441520828406 1.9665438780292066 -1
8.03589529280305 3.339929338076406 7.465765578155831 5.564863282238415 -1
7.1699187946200285 9.284630422579998 9.535385424310652 7.50740351970672 1
1.1167931522009589 8.124323682443032 7.139291126488208 2.033534597142573 -1
1.1556686569236163 7.192622543831644 8.924245428719841 4.672508341185544 -1
9.862094383824205 1.9557200120693297 4.513478570666374 9.995043279311254 1
9.450806189245792 4.0936104861566935 6.049643368113861 6.86129805873351 -1
0.7945672148472527 2.3946703383004686 1.3452169755428078 1.487730065602747 -1
1.5534547090322837 0.9407511938147917 2.7101262634514844 9.939920197660067 1
9.40273686226463 2.5501219443128043 1.1593034866813234 4.791664965345893 -1
3.4715765709762056 7.366508119113282 9.95528650900691 0.8782696460290218 -1
2.4217073609820683 3.552369849554362 9.403835180462824 7.418743196802585 1
1.2208326204018705 5.208614739858626 2.1331365488996568 3.1890203288137595 -1
2.935669887972251 4.071506823210228 4.0784606627455275 9.027089519281084 1
8.97529000749788 3.3603312645889147 5.1047031895292125 8.858239110551207 1
5.1967876745585375 6.836877617007352 5.076381093443594 7.130486450608961 1
8.945064735160086 9.721460695686748 8.291145479071494 9.659908049100355 1
7.45108827199918 3.2237099041213577 7.631257307131227 9.357580789337586 1
7.132165667243458 0.9290668662272794 6.777558132485668 0.47840924113066174 -1
6.308866527280604 4.992507861557481 6.05032461208538 2.8215657532331773 -1
9.049640101921012 3.5483889276997638 7.684413270754056 2.45259160520207 -1
5.779627545910301 8.728537672213475 3.3518175699266175 3.2440551015601637 -1
6.185184066677508 7.6352002424064676 9.277595227717914 1.4034178078412285 -1
0.6599911735599473 9.669504902438659 8.873081363466412 2.6536832889137596 -1
3.654178234020251 5.66942523938053 2.8602843014478383 2.1131638561781765 -1
1.3440399352774823 9.235494584801694 2.807170246590455 9.40177251707205 1
7.27706963181128 2.300653510954204 9.656879990502317 5.878419767614221 -1
0.46283809724581126 7.000785452471159 3.394843926639447 1.5890260166891734 -1
6.644931613705798 5.241394343305705 5.582202878014856 6.875692457690982 -1
1.6019092366939325 0.8016941199509264 7.356632727610415 6.101711852441101 -1
9.412132848675256 4.46326057960444 9.029894880267701 6.732237696170418 -1
0.2214201669836291 1.6330343310947337 9.006560476502356 6.084853614553759 -1
6.745545212955811 9.310390476944661 3.840329915863964 7.584398366122041 1
6.326472074713295 6.07656087684094 0.8708462854200927 9.689859789167752 1
2.843619970704039 8.914125013099085 1.2426932327971862 1.4362418955905687 -1
9.185253737779266 3.1689898406773596 8.52161365947106 6.705347902007814 -1
5.244603020653647 8.954718468787252 4.849971390666383 1.6439863279478895 -1
2.8191454805746883 9.656350452030326 7.38072103054612 8.847449603829055 1
5.084479561109124 9.072607050967964 8.92161564178108 8.573192804607096 1
3.0153328799839896 9.934953077843439 9.644908933985766 1.614245335834793 -1
1.1877139455552932 1.2757736674096498 3.4027818982366353 0.9257394941439379 -1
9.214656339704195 3.497283484932842 0.10096317368011642 8.742567872617759 1
8.488239705868711 2.1752584969957955 2.995059215897383 2.9431904890843996 -1
8.573676422648246 2.2444193289974503 3.29123023673372 3.669413166933654 -1
3.0142589259840213 4.9671604968920535 7.389881371734105 3.0580817269389193 -1
2.1236988343895726 0.5802388393405888 8.7544740068326 0.1617993138932261 -1
7.364010985101545 2.991466606491684 1.2544436686412763 3.4503940128908672 -1
0.9416662906754414 6.364291526137499 5.039841405504415 9.335453711311157 1
1.4271535071781893 9.398870286072137 0.7945798057927567 5.909927075869682 -1
3.95787960050927 0.28636343367272277 3.973491075149984 6.517668250898755 -1
9.735705544090333 6.376890405846208 7.074617243548126 7.825415202687287 1
7.7362790925364235 6.7070459577706245 2.9883094781707022 0.2502621898525281 -1
8.82833056378327 3.641322633274834 7.944854563970038 5.872969935953117 -1
7.9417941887189105 9.48546133228074 4.0136429301043695 8.260012252435475 1
8.269586005805525 7.707645925819558 3.8706986502217324 6.07363716723468 -1
6.292671451498802 4.684513890807912 1.1764764731354016 1.3089267213810019 -1
0.8746221732581583 8.118854598879842 8.228669769579305 0.130267830210129 -1
6.930154425335177 5.678177176348969 2.4647442976832323 2.890247292952738 -1
1.817586551953364 4.589867642532443 8.571102983449082 4.504362397021012 -1
3.807236490933791 2.72181625825052 1.7037653411727294 9.279196588387018 1
8.509641462502298 5.922872563631038 9.250902469613557 7.497445399148269 1
2.300510831575444 7.649800753897168 2.1339190140450395 4.242353036570186 -1
3.1043880582173022 9.061673436067249 2.8474552462650804 2.515607303387509 -1
1.3765539720373754 0.8850478791156813 0.22155627864064775 8.070229200597993 1
1.3117048556718303 2.8597946895658675 2.8800459276918735 6.148330907863949 -1
1.5132803698433483 8.972822780397111 6.1444437219124115 2.380013897244889 -1
4.531734437374942 5.4487893030512 7.222211184864254 8.46876191516239 1
2.617360238806481 8.750084861618348 8.48392394738955 3.689249727376388 -1
5.488153774223913 0.9491754164942368 0.16305787413270267 4.0167249019924975 -1
9.09103056056445 9.692155281960526 9.356786996141661 6.463965293921065 -1
7.432574042694035 4.721772286392312 0.7788316759212954 4.209874941463177 -1
0.9183131968273472 0.7588186430307431 3.8915620812005614 1.0308798383545459 -1
4.896257888017446 6.39454287249754 9.023111062515742 4.7740554561154624 -1
1.0791925567404403 6.507273176943205 0.4340729464534421 9.480052078954662 1
2.068748047347866 8.328188381228713 3.5404309086393937 4.67859315298755 -1
1.1608838685509248 1.5736193897398776 3.276209164244237 9.533598209151098 1
4.856084954264059 2.5066671162561107 2.9063870046812457 3.8443260093242912 -1
5.624414526944585 5.65806147079199 0.7716794775613856 6.060571407840605 -1
4.235384588993827 4.355587666705897 3.7420755622654003 2.272124247135495 -1
4.1548032706625655 4.97656825037772 3.656069434672806 1.1344400406000799 -1
7.640600883417115 2.9305478154953346 7.9956638676366865 0.5724153386983 -1
0.6825098967852006 7.582218619991364 7.527010201962161 2.5268952621563114 -1
2.4611631966728598 2.3784365555633977 4.991869995158941 6.992251577863292 -1
4.9688531369415045 1.8207195626318284 4.6918671639366805 7.417334044187351 1
7.3091877462011166 0.27661467975338305 6.445682227519349 5.371813544886267 -1
3.8488743203516496 4.324470734155483 8.168551770034146 4.970518247440597 -1
3.7808462050772174 3.4930714866313215 4.959426832029195 1.435293959350925 -1
0.6297162912576293 1.8207219567436184 9.647385561259526 3.3487306995351016 -1
3.0861186490020156 3.0036948468857263 0.6965150740845949 9.214473423997559 1
1.3877385325527658 7.912509290193423 7.1549699441025645 8.867997962171883 1
9.059523604947708 9.720774235159698 3.5908191882554528 0.6190440315520518 -1
7.743090293007261 8.52741863828964 4.1127087111817655 0.9843723389939019 -1
6.0947743956486935 9.398365760668433 1.540634332557106 8.542955258712652 1
4.236511688290564 0.08210746316098527 9.620094972724182 6.967016567991227 -1
6.1854529534344005 7.245758904961555 6.522508901949554 4.047829020258589 -1
3.0328169879064717 1.6033492081879441 7.683355633419912 0.39752337355706824 -1
0.7270573059762153 7.767968450519049 2.5997377830028654 1.537194200640054 -1
2.275767242795237 9.647513738733997 7.823161242821141 5.528751075971508 -1
8.843173558401912 5.440251252932471 4.64819245653402 9.520269486196383 1
6.732891504368372 2.1715065129264377 3.851705266954758 1.57285480425148 -1
3.9961986591515286 8.696691888699437 8.818929293771864 6.889979506243104 -1
3.065317826567381 1.9581178013117717 1.1528740652013125 2.292418643190458 -1
5.509543257249625 6.451507524932324 4.412748684589247 4.581625795713624 -1
2.4778842056250694 8.349212581642954 5.6421225794387695 3.291514114081674 -1
2.6123926107407316 5.1729866955805095 4.85386250093722 1.954508459792258 -1
1.4810281548603887 8.755552915975532 2.6671062031164308 9.524320475150036 1
1.12186728342207 3.689080714904435 9.026298189577343 1.15770909117062 -1
5.958981046326674 2.917714130124912 2.371891583028848 0.6937778574617237 -1
2.9339912043057694 2.283703749140548 8.535584365486276 3.593081333374273 -1
0.4885779166107129 9.642436254388594 7.467847990534466 3.451974958567716 -1
4.543473834370242 1.3940673035206264 5.377194032167641 7.288872270091672 1
7.750825273224857 8.442127307231717 8.659210494972397 0.5074146395740342 -1
0.05838871929024991 8.304530136700206 2.982683638043746 7.224566988019952 1
1.4779258471250356 1.5880727913987658 1.3863399988070346 1.035129205234837 -1
6.786759472736624 5.293166947702268 9.879617378569023 1.7693753019095426 -1
2.6185154020908197 7.976338958151135 1.8241755450088015 4.068821088915618 -1
1.3572122968411315 0.06733155812106872 8.154584495746978 3.345239131742691 -1
5.822165690632438 6.315264156694029 7.789302900986023 9.914288342999669 1
8.13901214370331 2.9831323975439683 0.28400712152983343 8.967938637812251 1
4.288793093201372 2.5155201444953 8.278144717107402 2.64611649926239 -1
9.01909117918373 5.265641141942825 9.424048379806694 0.35783328717415075 -1
5.93266615640495 5.098519803218111 2.8422478618405442 0.05372791712889846 -1
2.3096361892635975 5.856248865001186 6.853518905944311 1.026241136157705 -1
6.979068096235702 9.637065352617935 5.06260801815171 7.942497724296259 1
9.027842698954125 1.8402481008049298 3.1141678001396755 1.7431642012941972 -1
8.273526834823365 3.2957851997193774 5.409633260882422 6.463810528424761 -1
2.85979346757419 0.06060138344677224 6.099608449612983 8.074103066421776 1
2.5614874561151355 0.7148409822659407 8.381003689851688 8.107248016374378 1
6.728696732803793 4.384836168560619 0.7300049114406248 3.764197600115693 -1
4.692009657205539 7.060444473441092 5.304978779669397 1.6049328620588876 -1
9.30278523945922 3.728263728075676 3.9204492484161815 7.149255905203146 1
4.908087201807005 4.313407837592202 1.1224642998215473 8.803950924046477 1
5.755759733447946 0.39170324874678086 0.08803386646323519 0.04679141460039338 -1
8.226555716930267 5.329271790507305 7.367735997776812 5.818709535743221 -1
9.003622154734446 2.717806897070835 0.07454851768637583 5.2367185394126725 -1
4.292239599371371 1.8443470789179428 8.154542594337816 0.9075849080410192 -1
0.37908729486258785 4.324453004834292 1.5605030671867293 8.416850373834329 1
9.566453183471513 5.918484938295437 3.762144258477064 8.829245380469851 1
2.661624964939601 1.5068664716034774 8.641883566444868 5.503339342524889 -1
4.451296547228835 0.8433720678797507 4.827305241112937 8.524903473774147 1
9.199485725264218 7.97260059686832 3.739886236098057 1.152198326940581 -1
2.144445103974506 6.374805676685452 0.6981973765460625 0.8731777846252764 -1
3.6461929585079336 5.841242942209998 2.8755899869946555 0.7692974325736679 -1
5.234889576434498 9.241733889148817 6.696128957506662 6.562710656455906 -1
0.2402797590385608 0.8069649484032404 3.3677816725299303 2.7914132445643136 -1
4.481961606513888 7.91455613232205 6.5622920345444244 6.899386211464425 -1
8.239166450167735 5.533436370118014 3.372163894692636 3.561357599809216 -1
3.2834895592954783 9.961191589887314 8.116687206728576 2.1330346239745923 -1
5.532661079341156 7.127903810769032 1.2728373271069737 4.997761820651782 -1
0.8839502649849251 4.493728487799277 2.8620666999439672 8.278784881799753 1
2.629758102775307 5.356705637200443 3.8299823703659674 9.914359053024393 1
0.4370883899059863 8.395882235806992 7.156942638339814 7.853423335566641 1
1.7458059423700567 6.383615735475159 5.4511769168610975 4.607065222862966 -1
6.463527988653305 9.274833757534816 9.350745596670913 8.642090243022977 1
2.498631847822389 5.1930906109188815 5.682579007093293 3.3365682704178146 -1
4.388351613336803 3.6570084450377047 3.7806994485198553 1.6837238584381575 -1
4.990447789069582 4.527495451748682 0.9564802803372108 5.971529383115101 -1
5.292136527022536 3.692648574277463 7.302831694442403 5.272835880665085 -1
8.216925669355076 0.38347434122140034 9.122850766287021 5.597267419762134 -1
7.895454440722958 0.6300265054127674 0.5716433935609466 1.8656513137628061 -1
0.6695108553759155 6.6001152778723595 8.2056096145588 0.808491957171078 -1
4.9564852484625535 5.325868721874789 0.16086389198091577 7.917187971806507 1
2.6847304552751003 2.1011436907844248 4.454115573121707 8.093281924036328 1
2.615926428526356 0.5982275168975937 2.017724718926157 4.523623460672727 -1
3.450744042226775 7.530833231168794 1.6759078401984162 1.3812282942550558 -1
1.693381130354723 8.920859005134929 8.091850976978336 1.6218446356194471 -1
8.990054018375032 3.883298735208227 1.1612965962194821 8.012433181533861 1
7.890853404650668 1.5298280116488328 4.94818766974065 5.462479295238821 -1
4.114829013986931 3.9652335637346434 7.254244568792533 3.251141195859316 -1
5.007096871818808 8.207024622562773 9.795271231077233 4.478673071236794 -1
8.521194155476152 9.475622961156025 6.108917784154519 0.05953237799377065 -1
3.8225499414751516 0.3633558487710786 0.11880858096093627 0.42628973135155457 -1
9.412841961564665 6.824028295406902 3.544838164000171 8.942194887036504 1
7.4971422847448 9.645564220307682 3.899302232755495 0.9267209936746157 -1
6.766090652258469 9.447211003188098 3.317908199543141 3.733826471188273 -1
8.61401415744558 9.396500890936464 4.068974923537905 1.4168758043233676 -1
5.95968949444659 7.913745144413168 9.404632103741012 4.488937709648098 -1
1.5482787222786498 8.97658166852104 8.963385229946123 9.148680314955461 1
4.213568461010944 6.219595807924952 2.4038818614666333 5.343933326300332 -1
0.6105613845191082 3.298410793103239 7.58162704048746 6.49422868803647 -1
0.27149493270981817 5.268525004207073 5.033044053383312 5.984094461503307 -1
4.2044840635865945 4.710663940193671 3.404824571059255 4.3620416152166195 -1
2.2740023512687255 0.9357808607196538 5.169795074270407 7.992708003856742 1
1.9090165046377072 7.481494107205638 8.106203351336404 6.8904569581723365 -1
6.3890396439612065 2.4246419890675766 8.325397768719768 6.092826626049256 -1
6.166603291957412 8.81371567639183 8.225166088673872 0.49381611864104613 -1
7.707147382213306 8.55016758574171 3.1768420386379406 9.83008974337088 1
0.16865420252440755 4.69135827948765 2.052437559868138 4.168827349370872 -1
5.3028969870098255 1.867072684974066 9.203920014344224 9.080424165763194 1
1.071566302251784 8.104672466939787 5.698779817990232 4.981581573745721 -1
9.522784390830655 9.129888442833424 2.715255512914181 3.8582419656060853 -1
2.7578988397727233 8.326824117068085 6.318021805505745 3.6918349244386626 -1
1.5017209025403466 6.618571563228331 2.750281812644757 7.509838279004455 1
6.469606396130608 1.5867084999482495 4.5121679024616625 9.72966004589545 1
5.348205400051889 8.968823114859326 1.0839795844615485 4.1498440610965925 -1
5.651663630411317 1.892967045571825 7.002212272185755 7.368627221988281 1
3.030882979825188 3.597517669537723 3.199128941886493 2.415098412285124 -1
7.530305973264639 5.805805354409896 9.691314302307733 0.8616857889738538 -1
7.159515544453966 0.003491649111674322 7.656212174549768 2.8170250634012897 -1
1.1538425973243849 6.300936404580898 2.5126006371209595 3.151814346060451 -1
7.704283843900511 6.732639717264496 7.999753636593066 3.6396456847661094 -1
4.57560422463153 1.638264380178014 7.024941199525432 6.600565045128343 -1
2.0610814211231965 0.2490770556864752 3.2954864595686475 9.20287428026722 1
8.970778093784267 0.1646603999101981 8.398545089964012 5.927646721846798 -1
8.433795059269197 1.607995237417399 2.233025084348672 3.1943374021230553 -1
5.434799207022016 9.265880650744158 8.503108128225886 3.300322813852011 -1
8.264171636042004 9.119062211091876 3.799303550371703 7.80255328791164 1
2.6971998871488934 4.944559778760724 7.172645042741852 2.006087083248632 -1
3.960163607441909 2.5716530376093005 6.967259302891398 5.1321988066259925 -1
5.8971196739406455 1.132219925575274 7.717326566680835 5.803654376081109 -1
9.254909407182868 5.605179010621763 2.6531191026615764 5.527844228132587 -1
1.117449065893824 4.185366795554005 7.733038550374638 0.08113018733838628 -1
6.432393841061156 7.617378963759876 7.997550716643832 4.881667548589464 -1
1.7619339690714197 1.8666490601359942 5.019589041857884 0.4665056690276481 -1
5.147112811739091 5.685839089445698 6.828718216994641 4.257335440494664 -1
2.0723384699882983 3.3067511556801876 5.25509871902556 7.608925404529609 1
4.262303588718748 2.243677152484913 7.343684792172782 7.843017259620147 1
2.395411764810982 5.251418649429237 0.33491162693441656 8.664370516570472 1
1.738634875244286 8.561559307344583 3.7422167062443714 1.3330438861222094 -1
2.6810633103887738 6.195484942255543 8.124072811747741 8.805244764810592 1
2.2941045956606887 0.9151041880003274 2.695650220929772 5.573651883469635 -1
1.7737165848955383 0.8686287213493915 6.4845667383845065 1.6521752174584192 -1
0.12024881218110961 0.05561711826906679 6.3068634429413795 3.5149396522628997 -1
0.809164717579044 0.8643698098924779 5.030202895103281 5.361858563963934 -1
8.515548356282437 2.5972904392089524 5.701292172645292 1.879279687728438 -1
3.2165482293484615 7.60033798760386 1.4616289147717376 8.91545861392852 1
3.2873292617511707 4.830316082095082 3.405915899270342 0.46083096657507205 -1
2.6111046971322462 3.4198754771945405 6.368628543386916 1.1669798171307233 -1
1.5948560474444728 0.4888516159906575 3.60598272571653 1.6027115853585805 -1
1.2406713010864245 8.68579705986159 5.9789333676904 3.451695508645787 -1
7.736488726678292 5.925469295280676 5.93480011908626 5.019674207820241 -1
1.6243667014290897 6.937089502394657 2.039733738434447 1.1988980091408918 -1
3.4195323846639614 2.448189791882017 8.063101799435987 9.99891626528962 1
2.255021283610229 2.046024612369133 1.9484446925221965 3.7975846839823424 -1
3.5304571240218428 6.0654769168610825 0.1897187917863552 6.985222211606343 -1
5.583217191849013 6.311940480267868 8.511263821103642 1.8326893810443035 -1
4.5686383186499295 8.096350065885705 9.144105592529247 9.95168140466195 1
7.89580436765915 4.922660048207682 8.214698333006993 7.043258404230137 1
8.768601759993697 0.9867448342266183 1.6041989932592626 5.466264075602964 -1
4.968595526715609 4.936379244439979 6.7335183166395876 2.0775945682670693 -1
0.8189244865750944 8.369426440973593 9.216878927432276 4.563173255010523 -1
4.714291855742897 0.1860038532876218 9.235047658556415 2.024614536263055 -1
0.6178112688029069 9.48255639680125 7.671689323732979 4.832498971931704 -1
0.7227473096438508 1.4809200784692467 8.289585678634108 3.0089731327500724 -1
6.072795466089648 6.248870197872813 2.6854229409851946 1.6797326486599762 -1
4.9093341017201855 9.505455384332546 6.183354290879594 5.098526307093723 -1
3.6036974735219776 7.0560009734308355 6.58417669205034 3.980241233097791 -1
1.2851719832403485 9.29417205047197 9.20783374314874 9.460861891721713 1
6.802624970457804 2.4790206567567905 2.4966472726427904 0.4727122836110198 -1
5.367390235106003 5.057909900596264 7.102147754777657 4.815402368974789 -1
6.12048278867455 4.6431807921512736 4.981922171380939 1.1434918637872593 -1
7.210613911074689 6.250098517498993 4.890499117603038 7.26052175672133 1
7.791827407218382 5.559665894555717 1.4508347034556002 1.037464511091124 -1
9.268323222720785 6.7470958183826415 4.395498872711993 3.891574926542307 -1
9.892372767775235 5.842656005344001 9.638574213165526 6.665406134510359 -1
3.262862243474057 6.244239414796963 6.046828031655746 1.554499937547802 -1
4.523293642440688 9.399987183835924 7.286274537318031 4.52512432011874 -1
5.390962830997021 1.728725222300359 7.430509564178061 1.2522423850097408 -1
1.386374486803208 3.429000876467833 3.69759253022917 2.0204926611117235 -1
1.835638042350678 8.382707749595488 2.7399558625534093 2.1586596224507595 -1
3.3195037725586705 0.5095806818725712 9.028658649263312 1.0410768821564287 -1
8.050313709821907 4.661761836143452 0.7891114855927228 7.243009841835515 1
1.402078439570762 5.000230243984369 9.210511607622813 1.0656812097576818 -1
9.445165963763909 9.361640119957547 1.8936621279092314 7.419653477936189 1
1.4983321690230977 5.327314361737827 0.9523689553324355 6.940657489984449 -1
7.134712118742592 1.3299670611659786 5.999312660553785 7.091306257051445 1
9.888097136303106 3.121342732465371 0.031655174682821974 0.4166653325986036 -1
3.345676986370628 4.328676414768954 1.772721693315109 1.009815573578312 -1
8.062051305828668 7.73306795984812 0.9708853225046943 9.515828303713011 1
3.2499004267754983 6.267134029591459 2.515123406788634 6.166998438468731 -1
0.5625667529716627 4.721697129425653 0.2913213278435922 6.63839893872486 -1
0.1673034031585552 7.030882713636989 7.358877105319047 0.8981178784083566 -1
0.17594295841046992 1.6104510111698556 8.287507296148265 6.794893856961647 -1
5.004483564012061 0.8754076032098002 3.4420846862639265 6.791535978813117 -1
1.7365038486368756 7.072352466468991 8.671189699250142 0.7679524417979078 -1
5.313551334640437 4.14162994248306 6.911197716296548 3.2254602075860883 -1
6.639835691106615 1.5316033594710088 5.700432850779675 1.4069658994235756 -1
6.953265499331107 0.9048627172071266 1.1449917197259896 7.788978345679442 1
3.7167542280604504 2.993383658990102 6.866222517168489 0.2648312338541525 -1
2.2915222953283907 8.758114232366125 8.691028327605153 5.6558982254025105 -1
7.567381414185531 0.5850985705607148 0.08943191488691715 7.929607225399833 1
1.7590795308218754 5.500114360295541 4.395913822781999 6.542419340907931 -1
4.269736818905304 4.9746574128828644 6.6281147411091945 4.320698613197852 -1
8.092028804127994 8.226166471857402 0.6346342342136491 6.5909739803113085 -1
3.4681999310518155 2.018558669176389 3.363226741982792 0.30700041406923506 -1
2.2216606800758387 7.588524323130605 9.518238768183085 9.198159973630778 1
3.441456120255122 6.039665783639957 4.728854024926137 6.952352658008872 -1
9.49840071033065 1.2557199851098344 7.0017808180035646 6.423288753126386 -1
7.940284361683107 2.4756913651677426 1.3049676615456207 3.0174723517744506 -1
7.339539642155783 3.680225392018621 6.334481793228585 4.704057758981779 -1
7.971380129336289 5.229929356906871 6.254075863314875 5.389805434526877 -1
4.739208043274109 3.472053727159896 3.3285950213758464 9.113499355800728 1
1.324347229273608 2.2740853823602003 1.4250288766523922 3.7865042219822778 -1
7.222960649026998 8.894909393515393 5.915420405745215 8.008450362514433 1
2.3528179002480343 4.784159832267641 2.569332214106157 2.2347017304143013 -1
4.036274075564034 4.1263761939120265 3.148948649467427 3.07839118829334 -1
0.18178809625913783 1.4058820841296638 4.513037586491757 1.8015768865332393 -1
3.157243405192065 2.1150879753487883 0.7615913520145412 7.994091352756708 1
1.6695362544067172 2.8064978595742716 8.112504270354982 5.971082260286132 -1
1.9948137560708334 2.5079309425382035 3.516974380419894 6.963658322932611 -1
3.86907840761167 2.714473350716747 9.824716607387566 4.367278368889921 -1
1.45261508611086 3.0641627121273682 3.1349097854249433 0.07588400141208096 -1
8.83545497632659 1.9703196763963238 3.7959869440289484 1.133050554359054 -1
7.3831364653320986 7.45256679498679 6.104470680303996 5.195634251140353 -1
4.226139754071964 4.092391779820469 7.5836469366010695 2.65503794968292 -1
4.924288109111661 6.235592354941159 7.1920970373197 8.462446356567106 1
1.0161626123436152 2.487908440165072 7.255279184749953 2.9738846781313413 -1
8.120993720455234 9.079975857812135 2.1374069449887534 9.573845812248274 1
7.6250901710953665 0.9663504034665904 4.62178035783 7.593156368544739 1
7.965070927645268 6.5774270125923975 9.791258549791822 2.1751803527112736 -1
3.8500413695523217 0.302901233752223 3.271251973819318 8.720746619984821 1
0.7853591915709812 1.3636366399955224 0.35909578373385265 3.425783157352469 -1
1.0860832516247576 3.313575635080075 7.799436677790025 2.865331977380554 -1
6.886264649307595 6.791606359324498 5.097523289390553 8.982657372641714 1
7.576131667942674 4.859591290670716 8.238003440604176 5.637722568174741 -1
5.345274086510518 6.832879662167153 9.198201695617737 3.3700529916837993 -1
6.806300535358084 5.981274272568712 6.028653152400033 5.185620182909841 -1
2.7634028480341666 1.5441320349054188 8.963809611743114 2.875597527004045 -1
9.086704748325136 2.4052174514701297 6.773724876340039 5.584029122764131 -1
9.164226486113305 6.476450321315527 2.725229468027611 8.942207622998296 1
2.461140941771843 9.048723045122136 1.2869667305150967 7.473855977162495 1
3.8330972999952784 7.11843841388675 5.959047913509704 2.053828691531625 -1
9.418380096422936 1.5764045112629244 8.127142744318636 9.264240301650425 1
0.07510139792459958 4.7328406631462085 2.8573415458971074 3.4065702475122905 -1
3.7869412575836447 6.353006824838383 4.192508690336325 9.225197905541359 1
1.7972907322585974 9.482334840882006 8.57707568114396 0.3055758450664259 -1
3.278388013775111 0.6995511427231282 9.84090327926712 2.309426775051522 -1
4.543953025050622 0.9864814379283926 5.210343407831974 0.9619795873357884 -1
2.525906788538875 9.26417639009628 6.910430263537869 1.9955207134500852 -1
0.07714149840191031 6.501925190234141 3.9718573525635126 1.372263601850131 -1
3.279732294826465 0.0933529447744541 2.5701372488290453 0.48293767488807426 -1
6.020922025838992 5.377430674348746 5.972995567078226 0.013587128462294595 -1
4.909234322044851 1.6816780144603705 2.8551645189455757 7.922052655930346 1
4.154813248458097 3.8845770908197883 5.8784371702561655 1.7582361623469944 -1
3.980359382173665 5.020011423879596 2.634046694354386 3.1628967660739784 -1
6.628383270917926 4.318270597255395 0.7793677189463843 4.559765043119716 -1
6.996805311829847 7.2167104683749645 1.3549190669393574 9.212629761088563 1
4.956918101177294 0.9549305976478273 6.763974781543451 4.585834345976318 -1
7.384549877934927 2.8895836965338138 7.73357171022786 5.609854119360326 -1
4.47541760519198 1.3553764232811394 1.6618642592796329 7.224349140407925 1
8.833353756364314 5.495381344604841 7.32691052227076 3.217077955366384 -1
2.5767755818529006 7.058615094529936 5.080839021207398 2.3920917197983793 -1
2.815175518512807 3.3558652931671826 4.318342518823726 5.827370499534044 -1
5.927086443519245 9.13434410846351 3.484072937995013 5.050849692076639 -1
5.842951286569347 0.9349885985246442 9.09895609695276 5.189492927303459 -1
1.9171684389316068 9.319143682340643 9.579984397593256 5.379733855008498 -1
3.265094540910096 1.8693516190336268 6.978748764567751 6.721494894634381 -1
3.6356438074434783 8.259249123369726 5.910617945756446 5.663505009199566 -1
8.751046871258414 3.555680132790812 2.167937264856251 4.32360650192201 -1
4.0607912193251385 4.07004879201739 1.9135591379435357 4.549359039548619 -1
2.405745235097095 4.920659006252944 2.841654472548546 9.700276161777632 1
2.104357184480218 4.174858411458125 6.124341026485095 5.554053334370482 -1
0.4902216452688679 6.798967640486984 6.599656914242304 6.900521518771454 -1
7.780918774147754 5.649130145044753 3.685612205815312 7.323163286258124 1
1.4370466642343716 4.480109403452339 3.1867995525974555 2.047472677250266 -1
7.263587936568045 8.781878109250254 5.2348646460152795 2.0886724222931607 -1
8.700158518376224 9.18570586720779 1.2136595384965887 9.94807172690118 1
8.596313210088919 4.684876277664606 1.727817168543977 1.3751929307437871 -1
5.108369042036138 8.263744401581928 4.9066759748220505 7.062972737967784 1
2.688855799847556 9.606819102567954 6.235580247787561 7.6443798222688795 1
8.088822324497634 2.8687176848126263 8.591541179621299 0.5070214495702718 -1
3.060431380192492 6.843575825885182 2.0845669000959397 5.219634596696738 -1
0.9812560253614933 4.351899452039316 9.292581851453711 2.1716724015990385 -1
3.3969448458514018 7.863251486084457 9.946034667567696 4.320771894803076 -1
5.442388176023119 7.36254571533539 7.641209444982236 7.05868335599442 1
2.1159084168807194 6.95108495639941 3.322488204125075 7.401097026172362 1
6.454295838770616 1.7981446203028517 5.491321721858373 0.9851455523729191 -1
8.048192629422458 0.8342280472802954 3.6201283423514177 3.844868056099556 -1
9.374250599273669 8.340803240156363 5.8959244351731535 5.689152610788506 -1
0.5987715722611109 2.5169540140861555 2.097040214539825 0.030083993216022398 -1
9.9057438274197 5.201617879441812 5.239998753215575 4.66919348935815 -1
3.1632398593753464 8.854407554275783 0.8785959608991212 2.8581215186504205 -1
7.834693188517185 8.352847456549966 7.61804766981834 4.326410943581033 -1
9.02894314732569 7.314388353673053 8.046763690501367 9.048089885849196 1
6.93423113033571 4.815468253694505 2.5723707735095247 8.149995800150714 1
0.7287915799680578 7.114055650747355 3.329245648003339 1.1139244460750475 -1
5.680318889521186 9.513661637544198 9.586406294427027 0.016378724553433033 -1
5.080267756705394 9.24177752502816 2.7088748648695624 3.379794659882335 -1
6.23732749470927 0.1761612347017938 8.210549845572995 9.500610927636785 1
3.6473727465558383 6.549519108582482 0.22283178567142903 8.646208848258354 1
4.825291159334225 9.643519594641987 1.3400451561612536 2.2327397865122665 -1
8.414828141812166 9.573454590521843 3.0451041236425302 4.152414344846463 -1
8.898127114349732 2.784164893802288 6.952737398543196 9.897361650941402 1
5.209985882708285 8.671434703358855 0.8838889168772335 5.161589134043702 -1
5.145499404319716 8.87773078919794 0.011561025307610384 3.626279048343836 -1
7.403087888111068 3.928051852837199 7.931781084225027 9.721760973315519 1
8.164040722275331 1.4064632059034299 4.989491437778564 0.17319245534526795 -1
3.5353840147585958 1.2682049722094024 5.468645776521254 9.50046470421155 1
7.593543281482714 7.436804185021904 7.937256362860316 5.768454293174297 -1
2.168498151798479 9.976571298802087 2.259249889770958 0.08453136739132616 -1
5.542669565928006 6.607432050218631 2.1099134940595854 7.366156532549551 1
4.056425011037101 0.10268492975760046 7.4109062405565185 0.6942193683715603 -1
4.060360557290029 7.401190689838923 3.4518285977487384 3.7624385428018536 -1
0.6282983840311529 8.140689629518786 8.46219822463588 0.46281321041949486 -1
1.6297662967576987 9.424056525772444 3.862954699823381 7.235362026795271 1
1.4106239375145835 5.316407147441725 7.994931284686123 7.407390918012333 1
3.309050711041157 0.17613349187935223 7.9496243917100955 7.843006373374503 1
6.557006511475438 0.1996875455134528 3.779581945375885 7.573081987069839 1
3.3218407468082676 2.800392614039906 2.689951192795894 0.5011218885597313 -1
5.314257519964324 3.147507660234503 6.978446405540063 9.897945283605212 1
1.8252592676288693 3.3204492585886247 0.22907451249290056 0.14847640340351909 -1
7.514237609068882 1.6954833961671456 4.559787341138795 3.0733190079911266 -1
2.85233732651335 2.731792295526402 7.513872035115866 2.444189338017184 -1
5.877206394992297 5.789892410817773 6.866205875398039 4.490278571362053 -1
9.492055331075179 9.117020310441875 9.471695169026452 1.9740809192631592 -1
9.293749802482477 8.010986840571748 9.90114174554759 3.9289908091894565 -1
4.322246810990843 1.740725835358088 9.530556095521304 9.466626069339519 1
4.371288735606945 7.431929132084127 0.1503959627977547 6.980024420202876 -1
4.273821356313125 2.830736288364043 3.8569151031471796 6.043152037585076 -1
1.7559401905486138 9.190377291917546 0.7158043194621455 5.645175121294848 -1
8.215963200500921 8.23015809619129 1.7109584501432917 9.625239193392787 1
8.50112443566475 0.2523443217825949 5.906154953693287 1.893681359798427 -1
7.498944062610969 4.378714163971235 2.2149600803570424 5.998586283556432 -1
5.0303649783777775 2.334658108800541 5.133721871232164 5.310357285240946 -1
4.380959248206314 7.046734154869229 1.2506960747430984 0.34219365413900027 -1
6.0194294072987145 0.8551812438848327 1.0659256221533353 3.7743760876257317 -1
1.2716117392593151 1.005141015483727 1.5017943953632706 0.9911987383956378 -1
4.176172399734624 1.9690041385530166 7.486361839249738 2.138018829250512 -1
2.720575505807874 7.678007555575032 2.602208797290362 1.4673559926277635 -1
1.4166419768465133 5.315629857383649 8.751856694762383 2.9734365283171824 -1
4.040982959104216 7.184765952261879 7.54680245603973 2.3500187253300133 -1
4.88992216830976 3.217205333086006 0.4566360463432273 3.3969310428974433 -1
4.006430264942411 9.960362576435974 8.413350960281505 4.742871206791209 -1
4.596068860212129 7.46144695226424 8.686505967944258 4.597910509397893 -1
3.70619763988127 1.323113608920623 7.591965180675527 8.525187805335701 1
5.722595629143764 9.724742655153149 8.7234759451842 6.776468102319431 -1
7.9803386236346725 6.52509429775159 2.514448496767332 1.7810414780665107 -1
4.471451864367786 8.545661242713438 1.4964665897311358 2.5341461206304117 -1
9.323415439430109 1.754171451432186 5.370767198755787 7.89386338854028 1
6.015812615096381 2.0473956166624685 7.789335329153745 8.235900938034725 1
7.3656862380061146 8.69624654885817 7.042881771032326 7.700589560600522 1
3.844497779712883 5.535886529733991 3.542924350380675 4.191293462893095 -1
5.456627233780674 4.8926969132179625 3.568285465895075 5.082080362817546 -1
2.8351638975922877 4.433896091726486 1.175687397938645 9.945387949893837 1
3.7042655066514096 8.25230253302853 7.849825357968145 2.637236775803473 -1
8.153915624833889 3.7731161917762925 1.5357730567054506 5.030858636173532 -1
5.177198114474689 0.24315870022221353 9.10431645461433 5.1433033616052874 -1
7.518749468860132 3.4276986305987442 2.4097291595370542 7.877560770259921 1
0.3313525787307847 4.855563902296093 4.561389522795924 6.472149304548051 -1
3.626574207508584 3.299533297437117 5.1698550422671365 3.3649535314201726 -1
7.832368154484101 3.852600586443274 1.5106451537913868 8.602323714183207 1
1.3487189409956568 2.639691136187027 0.9733450441905656 3.37778741228827 -1
0.40008812581578734 0.13413940651426537 3.950246952712595 5.418430402738883 -1
0.004029563807163017 3.688470866706516 5.004703168356164 7.664915158541119 1
9.867363187001555 8.334049673115288 7.475619749992562 2.2464602182594895 -1
6.423672071433567 2.9847080986558416 1.089847426136179 6.318707540513388 -1
4.681231386455958 7.223768316446732 3.465656383594462 9.343502620421866 1
6.483645693778131 4.5128773585568895 2.7962369292300226 3.349821390683305 -1
0.962430009084847 9.122290716663473 5.31331450379943 3.780967218716963 -1
7.857440560106637 5.177884130199998 1.5279836123615287 1.5149726910072792 -1
4.485201586703862 1.6554550648570054 9.107202220651297 8.653250965624146 1
1.7103101787252106 7.514964910834148 9.35910856131324 1.34104422267611 -1
9.583199353544204 3.317225050659477 9.054892403303812 3.168440589256395 -1
2.806255830092282 1.9759487196530257 7.772314975939131 7.617246690324518 1
5.237752867938411 8.838071243978856 1.2077376805491769 6.966008133692184 -1
2.1991112709695857 1.607189379091677 4.704347401048556 1.5332645293634628 -1
1.3377613168929192 9.936897489610917 1.6401770569889884 7.5713538387936685 1
4.6152394812039 8.328942700665204 3.8830653335706975 3.164696822522223 -1
5.88101675273622 7.210074084060523 1.5177749524356443 6.935190317936064 -1
0.6209328144175352 7.476148474083879 6.968123004087436 1.3837700324093405 -1
4.906029944886823 2.8683339190881343 1.4046287689890613 8.428776497901197 1
8.354397028505883 0.7764502459405986 1.072250601168414 4.579442991479641 -1
3.698662921859049 6.616604711984317 0.180613813079743 2.3406579059831967 -1
5.857776579484691 4.008854619219612 6.228362765793671 2.5086230719492275 -1
1.3816095991643285 3.694298808486758 4.480183188623645 7.251495553775348 1
6.842350348448084 6.731747812997591 4.5982524820080295 2.4230219717147286 -1
2.8197762971167295 6.561770901813001 0.20131517993566161 8.181624881601007 1
2.0120989541873557 5.272417991708169 7.158924592200766 0.7852058757015634 -1
6.526273045154972 0.23287536870717385 1.5504352398896604 2.412852742509144 -1
5.9998900252988205 8.399171602031707 1.430215369881911 7.62910592885593 1
7.396756785924053 1.7221502780713527 6.065706170245707 4.817120121212791 -1
3.4081961921917725 1.3115444317471037 9.346666213562893 5.465098316835141 -1
3.1993467123117822 3.448705714827142 6.173933994178119 7.988222633811256 1
1.8575169762265165 9.4004867571887 1.736808121426251 8.714179034101798 1
6.2685093073786415 3.9605202804950537 4.680708852828212 0.944209929242168 -1
7.162371243626541 3.6726484743089194 0.7150747638791188 6.330637483244202 -1
0.9266015039918118 3.1217247241048005 6.10364919855115 3.4461255683791627 -1
1.1004185851963977 7.374718795746974 5.786980360209315 7.336572045857431 1
1.7037385379647407 8.25244752442079 6.5535059113400855 1.9019468176662357 -1
4.433415781603236 3.2777378893307763 1.7548693372924407 3.467526825688918 -1
9.763186415684116 5.119773092600854 3.8343474389696395 5.483195907188454 -1
7.658430874802326 3.327977257784794 3.9912305044147747 0.3146713184517569 -1
9.533570301304776 0.3135831686148671 3.904021569374315 9.363320506561728 1
1.1408121018316808 0.5973620626718001 2.642996006774314 4.849163644247543 -1
4.497126022855013 7.153133320200381 0.5450002513371832 9.859590731057473 1
7.861178598086532 0.343021575243615 1.9221899807482212 9.840686021181273 1
2.3322586565424763 4.664107335685504 6.720831160808118 3.1073911255107136 -1
7.682966828032889 3.898641134481867 7.3095428235607915 3.837098256141548 -1
3.0291370955840256 9.340742471632518 3.0923814843540995 0.057350410357689396 -1
9.789051400981727 5.389595617856618 7.450790984759886 7.33537379031175 1
2.6233121976786986 7.317174007791146 2.0528229838510867 0.7207082229074058 -1
2.3449528780956963 9.400051439514915 7.157846558571551 2.6293547541101345 -1
3.359670622390486 4.301473475518697 3.693190459373522 6.099961115858212 -1
6.779347934329594 2.451240444302348 2.238726579519085 5.743063716000752 -1
6.608563304898816 8.27686096818844 0.06316625419423572 0.08611094312407253 -1
1.2847584925578726 8.67408284807376 0.9430843336779882 3.4079073150430883 -1
5.041901057396284 3.5523140239549167 4.405521302351478 2.605972541171624 -1
3.8312859515689066 8.272115974711427 7.8233901249903095 4.575206623529589 -1
4.5309533446814365 2.9764578102736983 7.127233673193225 9.897004295633003 1
8.373043991512583 9.380171005315786 5.069686868223249 9.951335864003019 1
9.898646271083042 9.725487453969757 7.480569485058285 1.4842486489744533 -1
2.763917884285929 6.367325698529539 2.291721686307705 3.421674220866162 -1
3.0404910017072897 0.9807254370757645 2.2226499272135722 7.605533732253691 1
9.411775943281201 9.611171972018118 6.170663438972886 4.130660527592672 -1
5.77688173460526 7.415084169342747 6.35140199280575 4.058391883164111 -1
6.35000103154311 1.1849765796629008 5.396155143356156 3.000896789935066 -1
4.288433493167231 9.234723604052451 2.9507683419796793 7.144974013519178 1
9.807131051506433 4.111607501893813 4.2496639140135155 5.750830308643407 -1
3.144458993254522 7.409120521518097 2.3237114838086304 1.8164194850709992 -1
1.2436752758904346 4.094785578117866 6.97503167190948 9.479149609219503 1
7.667698093170511 6.434284253234353 7.634534608266383 1.3841881576801196 -1
0.10165159431406612 7.162347415062776 6.78653683051425 3.8372965844265075 -1
6.800085156203924 3.6148545867949644 2.8385309270777315 0.7513502144225725 -1
6.6196107324836575 6.704940430031759 0.6047690775926273 0.4828605482817072 -1
9.692742704671337 2.6899844597184144 3.474045112253077 1.7555702122240113 -1
0.6521609018157359 8.157698792005762 6.805522432311587 4.3318106036244135 -1
6.3121241164024475 1.1664212640278904 8.001279426466644 4.304895481437016 -1
0.5806953464801856 8.98555996637329 0.3759675816367225 6.026471850992535 -1
8.053326819919764 8.00484935340769 8.28851733190017 9.176009616535074 1
9.58965178061219 3.748580573309642 3.7238499196800614 3.1219075753399075 -1
2.079423189637838 3.080806094654119 8.847928312273377 9.286431889561737 1
5.498907092659202 5.533477991223677 0.29441380243590776 8.670828861547221 1
4.801950113097324 0.8573449554504042 5.939167831320465 8.536632902169979 1
9.017205830077735 4.785138895677056 7.78348962286522 8.473296859170032 1
6.908124324082995 4.926167449026595 7.282601382162522 5.872424847012719 -1
